0000100000000000
1100100000000000
0100100000000000
0000000000000001
0001010001111101
0000010000100001
0000000011101111
0000000000000000
0100000010110001
0110000101000001
0110010000110001
1000000000000101
1000010000000101
1000100000000101
1000110000000101
1000110000100101
1000110001000101
1000110001100101
0000000001101111
0000000000000000
0001010001100011
0000000000000100
0000000001101111
0000000000000000
0000010001100011
0000000000000100
0000000001101111
0000000000000000
0000000010001010
0100000010110010
1000000010000010
1000010000100110
1001010000000010
1001010000100110
1100100000100110
